#
#   VizieR Astronomical Server vizier.cfa.harvard.edu
#    Date: 2018-10-16T20:24:54 [V1.99+ (14-Oct-2013)]
#   In case of problem, please report to:	cds-question@unistra.fr
#
#
#Coosys	J2000:	eq_FK5 J2000
#INFO	votable-version=1.99+ (14-Oct-2013)	
#INFO	-ref=VIZ5bc648c42111	
#INFO	-out.max=unlimited	
#INFO	queryParameters=13	
#-oc.form=dec
#-out.max=unlimited
#-nav=cat:IV/22&tab:{IV/22/index}&key:source=IV/22&HTTPPRM:&
#-c.eq=J2000
#-c.r=  360
#-c.u=deg
#-c.geom=r
#-source=IV/22/index
#-order=I
#-out=FK5
#-out=RAJ2000
#-out=DEJ2000
#-out=name
#

#RESOURCE=yCat_4022
#Name: IV/22
#Title: FK5 - SAO - HD - Common Name Cross Index (Smith 1996)
#Table	IV_22_index:
#Name: IV/22/index
#Title: The catalog
#Column	FK5	(I4)	The FK5 number (Cat. I/149, I/175) (2)	[ucd=meta.id;meta.main]
#Column	RAJ2000	(A12)	Right Ascension hours (J2000)	[ucd=pos.eq.ra;meta.main]
#Column	DEJ2000	(A12)	Declination degrees (J2000)	[ucd=pos.eq.dec;meta.main]
#Column	name	(a20)	Common name or variable name	[ucd=meta.id]
FK5|RAJ2000|DEJ2000|name
 |"h:m:s"|"d:m:s"|
----|------------|------------|--------------------
 904|00 01 35.659|-77 03 56.56|
1630|00 01 57.631|-06 00 50.70|
 905|00 03 44.391|-17 20 09.59|
1001|00 04 41.294|-71 26 12.84|
1002|00 05 20.144|-05 42 27.41|
1003|00 06 50.100|-23 06 27.18|
   1|00 08 23.265|+29 05 25.58|ALPHERATZ
   2|00 09 10.695|+59 08 59.18|CAPH
   3|00 09 24.659|-45 44 50.79|
   4|00 10 19.257|+46 04 20.21|
   5|00 11 34.437|-27 47 59.12|
   6|00 11 44.014|-35 07 59.17|
1655|00 12 33.926|-88 21 46.56|
   7|00 13 14.154|+15 11 00.80|ALGENIB
1004|00 14 36.169|+20 12 24.06|
1005|00 18 19.666|+36 47 06.92|
1006|00 18 38.264|+31 31 01.96|
   9|00 19 25.674|-08 49 26.14|
1007|00 20 02.973|-17 42 01.67|
  10|00 20 04.251|-64 52 29.25|
1008|00 20 35.867|+08 11 24.86|
1009|00 21 07.277|+37 58 06.95|
1010|00 25 24.213|+01 56 22.71|
  11|00 25 45.056|-77 15 15.40|
  12|00 26 17.030|-42 18 21.81|ANKAA
1011|00 28 00.560|-11 39 31.74|
1012|00 28 12.706|+16 26 42.16|
  13|00 30 02.362|-03 57 26.39|
  14|00 30 22.661|-23 47 15.72|
  15|00 31 24.988|-48 48 12.67|
  16|00 32 59.982|+62 55 54.40|
1013|00 33 41.051|-29 33 29.98|
1014|00 34 27.834|-52 22 23.32|
  18|00 36 52.858|+33 43 09.63|
  17|00 36 58.291|+53 53 48.92|
  19|00 38 33.350|+29 18 42.30|
  20|00 39 19.697|+30 51 39.43|
  21|00 40 30.450|+56 32 14.46|SCHEDAR
1015|00 41 19.577|-46 05 06.01|
1016|00 42 37.532|-36 01 19.88|
  23|00 43 21.223|-57 27 47.05|
  22|00 43 35.372|-17 59 11.82|DIPHDA; DENEB KAITOS
  26|00 44 12.095|-38 25 18.28|
  25|00 44 43.524|+48 17 03.73|
1017|00 44 57.061|-42 40 35.90|
  24|00 45 39.044|+74 59 16.93|
  27|00 47 20.330|+24 16 01.76|
1018|00 48 01.075|-21 43 21.09|
1019|00 48 22.980|+05 16 49.90|96 G  PSC
  31|00 48 35.395|-74 55 24.25|
  28|00 48 40.950|+07 35 06.14|
1020|00 48 58.705|+16 56 26.19|
1021|00 49 48.849|+41 04 44.07|
  30|00 50 07.596|-10 38 39.54|
  29|00 50 43.603|+64 14 51.15|
1022|00 53 00.498|-01 08 39.47|
  34|00 55 00.291|-69 31 37.49|
  32|00 56 42.525|+60 43 00.19|
  33|00 56 45.215|+38 29 57.60|
1023|00 57 50.154|+28 59 31.93|
  35|00 58 36.363|-29 21 26.89|
1024|00 58 45.758|-05 52 58.21|
1025|01 01 38.654|-16 15 55.98|
1027|01 02 01.814|-57 00 08.65|
1026|01 02 26.435|-31 33 07.40|
  36|01 02 56.613|+07 53 24.31|
  37|01 03 49.022|+01 22 00.46|
1028|01 05 05.353|+14 56 46.04|
1029|01 06 07.724|-23 59 33.07|
  39|01 07 18.653|-61 46 31.04|
1031|01 07 47.857|-41 29 13.07|
1030|01 08 16.378|+54 55 13.41|
  40|01 08 35.396|-10 10 56.17|
 906|01 08 44.740|+86 15 25.49|
  42|01 09 43.931|+35 37 13.95|MIRACH
1032|01 11 27.213|+21 02 04.72|
  43|01 11 39.629|+30 05 22.70|
  41|01 12 16.742|+79 40 26.27|
  44|01 12 45.433|-37 51 23.49|
1033|01 13 43.887|+07 34 31.16|
1034|01 17 47.956|+03 36 51.89|
  45|01 19 27.994|+27 15 50.52|
1035|01 22 20.421|+45 31 43.62|
1036|01 23 30.965|-30 56 44.27|
  47|01 24 01.406|-08 11 00.29|
1037|01 24 48.686|-02 50 55.13|
1038|01 25 05.295|-64 22 10.15|
  48|01 25 48.959|+60 14 06.96|RUCHBAH
  46|01 25 56.018|+68 07 48.05|
1039|01 26 41.671|+19 14 25.36|
1041|01 26 51.572|-13 03 23.51|
1040|01 27 39.357|+45 24 24.24|
  49|01 28 21.942|-43 19 05.66|
1043|01 29 36.134|-21 37 45.61|
1042|01 31 13.756|+70 15 52.56|
1044|01 31 15.120|-49 04 21.77|
  50|01 31 29.013|+15 20 44.81|
  53|01 33 39.152|-78 30 17.21|
1045|01 36 47.842|+41 24 19.64|
1046|01 37 05.924|+12 08 29.73|
 916|01 37 27.990|-84 46 10.58|
  54|01 37 42.852|-57 14 12.18|ACHERNAR
  52|01 37 59.561|+48 37 41.55|
  51|01 38 30.901|+73 02 24.10|
  56|01 41 25.897|+05 29 15.29|
  58|01 42 02.988|-36 49 56.59|
1047|01 42 03.491|+35 14 44.37|
1048|01 42 08.596|-32 19 36.99|
  55|01 42 20.518|+68 02 34.93|
1049|01 42 43.518|-03 41 24.71|
  57|01 43 39.639|+50 41 19.48|
  59|01 44 04.091|-15 56 14.89|
  60|01 45 23.629|+09 09 27.79|
  61|01 45 38.782|-25 03 09.32|
1050|01 48 10.927|+16 57 19.90|
1051|01 49 35.106|-10 41 11.09|
  62|01 51 27.640|-10 20 06.20|BATEN KAITOS
1052|01 52 09.356|+50 47 34.21|
  64|01 53 04.905|+29 34 43.82|
  65|01 53 33.346|+03 11 14.98|
  67|01 53 38.757|-46 18 09.42|
1053|01 54 22.048|-42 29 49.24|
  63|01 54 23.711|+63 40 12.28|
  66|01 54 38.401|+20 48 28.82|SHERATAN
  69|01 54 56.116|-67 38 50.16|
  68|01 55 57.488|-51 36 31.99|
  72|01 58 46.201|-61 34 11.43|
  71|02 00 00.308|-21 04 40.21|
1054|02 02 18.106|+54 29 15.25|
  70|02 03 26.088|+72 25 16.69|
  73|02 03 53.963|+42 19 46.99|ALMACH
1055|02 04 29.440|-29 17 48.58|
  74|02 07 10.403|+23 27 44.66|HAMAL
  75|02 09 32.625|+34 59 14.24|
1056|02 10 37.592|+19 30 01.19|
  78|02 12 54.480|-30 43 25.80|
1058|02 13 00.001|+08 50 48.18|
1057|02 13 03.300|+15 16 47.39|
  77|02 13 36.341|+51 03 57.04|
  76|02 14 29.067|+66 31 28.02|
1060|02 14 31.966|-41 10 00.49|
1059|02 15 42.774|+25 02 35.01|
  82|02 16 30.603|-51 30 44.04|
1635|02 16 45.608|+83 33 41.12|
  80|02 16 59.045|-06 25 19.71|
  79|02 17 18.870|+33 50 50.00|
1062|02 17 19.888|-35 58 58.61|
1061|02 18 01.435|+01 45 28.00|
  81|02 18 07.535|+19 54 04.07|
1657|02 18 34.187|-88 08 44.88|
1063|02 19 16.792|+47 22 47.88|
1656|02 21 40.603|-85 43 04.87|
1065|02 21 44.949|-68 39 33.85|
1064|02 22 04.986|-17 39 44.00|
  83|02 22 32.567|-23 48 59.32|
1067|02 22 52.280|-73 38 44.92|
  84|02 24 53.928|-60 18 43.01|
1066|02 25 57.005|-12 17 25.72|
  86|02 26 59.137|-47 42 14.02|
  85|02 28 09.541|+08 27 36.19|
1068|02 28 09.978|+29 40 09.58|
1069|02 30 54.390|+17 42 13.80|
  90|02 31 40.469|-79 06 33.78|
 907|02 31 48.704|+89 15 50.72|POLARIS
1071|02 32 05.239|-15 14 40.62|
1070|02 32 06.167|+36 08 50.20|
  88|02 33 07.032|-34 39 00.01|
1072|02 35 52.469|+05 35 35.60|
1074|02 36 00.048|-07 49 53.84|
1073|02 36 04.888|+06 53 12.89|268 G CET
  87|02 38 02.006|+72 49 05.84|
  89|02 38 48.986|+21 57 40.99|
  91|02 39 28.953|+00 19 42.58|
  95|02 39 35.361|-68 16 00.99|
1076|02 40 39.619|-54 32 59.88|
1075|02 40 40.038|-39 51 19.54|
  94|02 43 27.112|+27 42 25.68|
1077|02 44 05.157|+44 17 49.32|
  97|02 44 07.351|-13 51 31.37|
  93|02 44 11.986|+49 13 42.48|
1078|02 44 14.627|-25 29 43.52|
  92|02 44 49.678|+67 49 28.68|
  98|02 44 56.537|+10 06 50.76|
 101|02 49 05.429|-32 24 21.40|
 100|02 49 59.029|+27 15 37.81|
  99|02 50 41.811|+55 53 43.80|
 102|02 51 02.324|-21 00 14.51|
1079|02 51 29.589|+15 04 55.36|
 103|02 54 15.457|+52 45 44.95|
 104|02 56 25.651|-08 53 53.40|AZHA
1080|02 56 37.425|-03 42 44.35|
1081|02 58 05.215|+20 40 07.49|
 106|02 58 15.696|-40 18 16.97|ACAMAR
1082|02 59 03.676|+35 10 59.24|
1083|02 59 42.899|+08 54 26.51|
1084|03 02 02.510|-18 12 28.10|
 113|03 02 15.431|-71 54 08.86|
 107|03 02 16.773|+04 05 22.93|MENKAR
1085|03 02 23.507|-23 37 27.99|
1086|03 02 55.878|-46 58 30.05|
 110|03 03 36.814|-59 44 16.00|
 108|03 04 47.791|+53 30 23.29|
 109|03 05 10.593|+38 50 25.01|
 105|03 06 07.764|+79 25 06.67|
1087|03 07 18.582|-13 45 42.54|
 111|03 08 10.131|+40 57 20.43|ALGOL
 112|03 09 04.016|+49 36 47.89|
1088|03 09 36.737|+29 04 37.48|
 114|03 11 37.756|+19 43 36.06|
 118|03 12 33.150|-57 19 17.83|
 116|03 12 46.439|-01 11 45.88|
1090|03 14 40.093|-35 33 27.88|
1089|03 14 54.091|+21 02 40.06|
1091|03 15 50.023|-08 49 11.03|
1095|03 15 57.610|-77 23 18.48|
1092|03 16 55.076|-31 21 07.92|
1093|03 19 21.696|+03 22 12.59|
 119|03 19 55.669|-43 04 11.29|82 G  ERIDANI
 115|03 20 19.742|+77 44 05.18|
1094|03 21 13.622|+21 08 49.39|
 120|03 24 19.365|+49 51 40.34|MIRFAK
1096|03 24 40.542|+64 35 09.65|
 121|03 24 48.800|+09 01 43.87|
 123|03 27 10.158|+09 43 57.73|
 122|03 29 04.132|+59 56 25.07|
 126|03 29 22.678|-62 56 15.09|
 124|03 30 34.486|+47 59 42.89|
1097|03 30 37.052|-05 04 30.50|
 125|03 30 52.382|+12 56 12.03|
1636|03 32 20.108|+84 54 39.79|
 128|03 32 34.810|-50 22 43.33|
1098|03 32 40.010|+35 27 42.19|
 127|03 32 55.846|-09 27 29.72|
1099|03 33 47.281|-21 37 58.38|
1100|03 36 17.405|-17 28 01.44|
1101|03 36 52.376|+00 24 05.89|
 130|03 37 05.679|-40 16 28.80|
1102|03 38 47.683|-27 56 35.04|
1103|03 40 46.304|+25 19 46.23|
 129|03 42 09.312|+63 13 00.44|
 133|03 42 14.912|-31 56 18.12|
 131|03 42 55.497|+47 47 15.30|
 135|03 43 14.903|-09 45 48.25|
 141|03 44 11.982|-64 48 25.07|
 137|03 44 30.503|-01 09 47.24|
 136|03 44 52.532|+24 06 48.01|ELECTRA
 134|03 45 11.633|+42 34 42.70|
1104|03 45 40.434|+06 02 59.98|
 140|03 46 50.889|-23 14 58.97|
 146|03 47 14.318|-74 14 20.27|
 139|03 47 29.073|+24 06 18.38|ALCYONE
 142|03 49 09.739|+24 03 12.24|ATLAS
 143|03 49 27.257|-36 12 00.78|
 138|03 50 21.500|+71 19 56.16|
1107|03 53 08.364|-06 38 01.46|
1106|03 53 10.040|+17 19 37.45|
1108|03 53 33.344|-46 53 37.44|
1105|03 53 43.276|+57 58 30.45|
 144|03 54 07.922|+31 53 01.01|ATIK
 147|03 57 51.227|+40 00 36.72|
 149|03 58 01.763|-13 30 30.71|ZAURAK
1109|03 58 42.908|-57 06 08.66|
1110|03 58 44.744|-61 24 00.85|
 148|03 58 57.900|+35 47 27.59|MENKIB
 150|04 00 40.819|+12 29 25.24|
1114|04 00 43.666|-71 10 00.37|
1111|04 01 32.040|-01 32 58.81|
 151|04 03 09.377|+05 59 21.48|
1112|04 04 41.711|+22 04 54.89|
 153|04 05 37.447|-27 39 06.47|
1113|04 06 35.035|+50 21 04.58|
 152|04 08 39.685|+47 42 45.09|
1115|04 09 09.962|+19 36 33.13|
1116|04 10 49.856|+26 28 51.36|
 154|04 11 51.936|-06 50 15.30|BEID
 155|04 14 00.126|-42 17 40.00|
 156|04 14 25.488|-62 28 25.85|
1117|04 14 53.854|+48 24 33.60|
1118|04 15 32.060|+08 53 32.42|
 157|04 16 01.601|-51 29 11.93|
 166|04 17 59.149|-80 12 50.49|
 159|04 19 47.603|+15 37 39.41|
1119|04 20 09.074|-16 26 14.34|
 158|04 20 24.640|+34 34 00.27|
 161|04 20 39.011|-20 38 22.73|
 163|04 21 53.338|-63 23 11.00|
1658|04 22 50.891|-82 53 56.74|
 162|04 22 56.090|+17 32 32.98|
1120|04 23 40.847|-03 44 43.74|
1121|04 24 02.213|-34 01 00.76|
1123|04 28 32.115|+01 22 50.88|
 164|04 28 36.997|+19 10 49.46|
1122|04 29 51.943|+69 22 42.00|
 167|04 30 50.116|-44 57 13.67|
 165|04 32 01.832|+53 54 39.03|
1124|04 33 24.897|+43 03 49.99|
1125|04 33 50.914|+14 50 39.82|
 171|04 33 59.781|-55 02 42.21|
 908|04 35 24.132|+85 31 37.51|
 170|04 35 33.044|-30 33 44.42|
 168|04 35 55.237|+16 30 33.39|ALDEBARAN
 169|04 36 19.138|-03 21 08.89|
 172|04 38 10.809|-14 18 14.13|
1127|04 40 06.808|-24 28 56.51|
1129|04 40 33.708|-41 51 49.73|
1126|04 41 19.753|+28 36 53.94|
1130|04 42 03.482|-37 08 39.69|
 174|04 42 14.703|+22 57 24.89|
 177|04 43 03.949|-70 55 51.74|
1128|04 43 21.594|+49 58 25.64|
1131|04 44 05.315|-08 30 13.05|
 176|04 45 30.146|-03 15 16.75|
1132|04 46 25.770|-28 05 14.91|
 175|04 48 00.267|+56 45 25.93|
 173|04 48 50.327|+75 56 28.36|
1134|04 49 50.414|+06 57 40.54|
1133|04 49 54.638|+37 29 17.81|
 179|04 51 12.362|+05 36 18.31|
1135|04 51 22.458|+18 50 23.42|
1136|04 52 31.965|+14 15 02.17|
 178|04 54 03.016|+66 20 33.64|
 180|04 54 15.089|+02 26 26.34|
1138|04 55 11.166|-74 56 12.78|
 181|04 56 59.617|+33 09 57.93|
 917|04 58 50.857|-82 28 13.86|
 183|05 01 58.133|+43 49 23.83|
1139|05 02 22.813|-31 46 17.02|
1137|05 02 28.685|+41 04 32.96|
 184|05 03 05.739|+21 35 23.79|
 182|05 03 25.089|+60 26 32.04|
1140|05 04 34.143|+15 24 14.65|
 187|05 04 58.022|-49 34 40.22|
 186|05 05 27.662|-22 22 15.80|
 189|05 05 30.650|-57 28 21.92|
 185|05 06 30.886|+41 14 04.15|
1143|05 07 25.945|-44 49 18.25|
 188|05 07 50.972|-05 05 11.23|CURSA
 190|05 09 08.783|-08 45 14.78|
1142|05 09 19.641|+09 49 46.43|
1141|05 09 45.085|+28 01 49.54|
1144|05 12 55.886|-16 12 19.97|
 192|05 13 25.714|+38 29 04.12|
 196|05 13 45.438|-67 11 07.12|
 194|05 14 32.268|-08 12 05.98|RIGEL
 193|05 16 41.353|+45 59 52.90|CAPELLA
 197|05 17 29.079|-34 53 42.88|
 195|05 17 36.388|-06 50 39.86|
1145|05 19 08.470|+40 05 56.61|
 199|05 19 22.142|-50 36 21.65|
 198|05 19 23.692|-27 22 08.09|
1146|05 19 34.518|-13 10 36.47|
1147|05 21 45.743|-00 22 57.07|
 191|05 22 33.474|+79 13 52.08|
 201|05 25 07.857|+06 20 58.74|BELLATRIX
 202|05 26 17.511|+28 36 26.67|ELNATH
1149|05 27 05.327|-40 56 36.92|
1148|05 27 10.085|+17 57 43.86|
 204|05 28 14.720|-20 45 34.09|NIHAL
1152|05 30 09.490|-47 04 39.76|
 203|05 30 10.206|+63 04 02.04|
1659|05 30 13.883|-84 47 06.39|
1637|05 31 48.047|+85 56 18.53|
 214|05 31 52.935|-76 20 27.65|
 206|05 32 00.398|-00 17 56.88|MINTAKA
1150|05 32 33.811|+57 13 16.04|
1151|05 32 43.673|+32 11 31.29|
 207|05 32 43.802|-17 49 20.26|ARNEB
 212|05 33 37.514|-62 29 23.48|
 208|05 34 49.239|+09 29 22.35|
 209|05 35 25.974|-05 54 35.61|
 210|05 36 12.809|-01 12 07.02|ALNILAM
 211|05 37 38.681|+21 08 33.06|
1153|05 38 06.919|-27 12 38.81|
 215|05 39 38.947|-34 04 27.01|PHACT
 205|05 39 43.704|+75 02 37.88|
1660|05 39 59.240|-85 54 51.57|
 217|05 44 27.784|-22 26 54.31|
1154|05 44 46.369|-65 44 07.95|
 216|05 45 54.038|+49 49 34.69|
 219|05 46 57.332|-14 49 19.12|
 218|05 47 26.188|+17 43 44.76|
 220|05 47 45.387|-09 40 10.75|SAIPH
1155|05 48 34.937|-04 05 40.53|
1156|05 49 49.654|-56 10 00.10|
1159|05 50 53.228|-52 06 32.12|
 223|05 50 57.594|-35 46 06.19|WAZN
 222|05 51 19.286|-20 52 44.89|
 221|05 51 29.388|+39 08 54.56|
1158|05 53 19.646|+27 36 43.94|
1157|05 54 50.769|+55 42 25.15|
 224|05 55 10.307|+07 24 25.35|BETELGEUSE
 226|05 56 24.288|-14 10 03.87|
1160|05 57 32.211|-35 16 59.91|
1161|05 58 49.570|+00 33 10.66|
 229|05 59 08.806|-42 48 54.83|
 225|05 59 31.632|+54 17 04.95|
 227|05 59 31.720|+44 56 50.78|MENKALINAN
1162|06 00 14.416|+33 08 12.96|
1638|06 01 20.177|+85 10 55.81|
1163|06 04 07.205|+23 15 48.16|
 231|06 04 28.443|-45 02 11.94|
 230|06 04 58.352|+04 09 31.05|
1164|06 06 05.539|-29 45 31.05|
 232|06 07 34.322|+14 46 06.40|
1166|06 08 44.242|-68 50 36.40|
1165|06 08 57.864|-22 25 38.58|
 239|06 10 14.436|-74 45 11.05|
 235|06 10 17.898|-54 58 07.23|
 233|06 12 51.061|+65 43 06.33|
1168|06 15 22.687|+29 29 52.95|
1167|06 15 39.013|+36 08 55.12|
1169|06 16 26.617|+12 16 19.71|
 238|06 16 33.125|-35 08 26.01|
 234|06 18 50.787|+69 19 11.27|
 237|06 19 37.382|+59 00 39.49|
1170|06 19 42.794|-07 49 22.57|
 240|06 20 18.792|-30 03 48.26|FURUD
 243|06 22 41.969|-17 57 21.37|MIRZAM
 241|06 22 57.621|+22 30 48.79|
 244|06 23 46.084|+04 35 34.24|
 245|06 23 57.119|-52 41 44.50|CANOPUS
1171|06 24 10.321|-11 31 48.50|
 242|06 24 53.892|+49 17 16.53|
1172|06 26 21.600|+41 57 34.21|
1662|06 26 47.779|-88 44 37.26|
 246|06 27 57.563|-04 45 43.70|
1173|06 28 57.781|+20 12 43.56|
1174|06 32 54.230|+07 19 58.58|
1175|06 33 37.908|-01 13 12.78|
 249|06 35 03.372|-22 57 53.36|
 247|06 37 41.386|+61 28 52.42|
 251|06 37 42.725|+16 23 57.43|ALHENA
 252|06 37 45.673|-43 11 45.50|
 250|06 38 39.536|+39 23 27.01|
 264|06 40 02.728|-80 48 48.84|
 254|06 43 55.923|+25 07 51.91|MEBSUTA
 257|06 45 08.871|-16 42 57.99|SIRIUS
 256|06 45 17.362|+12 53 44.02|
 248|06 46 14.073|+79 33 53.27|
1177|06 46 32.415|+08 35 13.64|
 255|06 46 44.336|+43 34 38.77|
1661|06 46 58.718|-87 01 29.89|
1178|06 47 21.393|-37 55 47.21|
1176|06 47 39.571|+48 47 22.21|
 258|06 47 51.640|+02 24 43.65|
 262|06 48 11.437|-61 56 28.95|
1179|06 49 16.404|-02 16 19.33|
1180|06 49 50.456|-32 30 30.60|
 263|06 49 56.173|-50 36 52.73|
 267|06 51 26.959|-70 57 48.44|
 261|06 52 47.337|+33 57 40.44|
 259|06 53 42.241|+68 53 17.93|
 266|06 54 11.396|-12 02 19.13|
 268|06 58 37.548|-28 58 19.50|ADHARA
 260|07 00 04.006|+76 58 38.73|
1181|07 00 23.747|-08 24 24.70|
1183|07 01 43.148|-27 56 05.45|
1182|07 02 24.773|+24 12 55.47|
 270|07 03 01.462|-23 49 59.96|
 271|07 03 45.485|-15 37 59.74|
1184|07 04 02.811|-42 20 14.31|
 269|07 04 06.522|+20 34 13.00|
 272|07 04 18.311|-56 44 59.31|
1185|07 07 49.485|+07 28 16.20|
 273|07 08 23.480|-26 23 35.55|
1189|07 08 44.877|-70 29 56.34|
1186|07 10 13.679|-04 14 13.72|
 274|07 11 39.318|+39 19 13.95|
1187|07 11 51.855|-00 29 33.99|
 275|07 12 33.638|-46 45 33.83|
1188|07 13 22.272|+16 09 32.22|BQ GEM
1190|07 15 50.134|+47 14 24.02|
 281|07 16 49.803|-67 57 26.03|
 278|07 17 08.554|-37 05 51.08|
 276|07 18 02.205|+40 53 00.21|
 277|07 18 05.572|+16 32 25.31|
 279|07 20 07.367|+21 58 56.29|WASAT
 280|07 22 52.051|+55 16 53.15|
 283|07 24 05.699|-29 18 11.23|ALUDRA
1191|07 24 08.461|+40 40 20.49|
1192|07 25 08.310|-13 45 07.40|
 282|07 25 43.594|+27 47 52.98|
 285|07 27 09.039|+08 17 21.50|GOMEISA
 286|07 29 06.700|+31 47 03.87|
1194|07 29 13.847|-43 18 05.30|
1193|07 29 47.782|+12 00 23.64|
 284|07 30 52.670|+68 27 56.35|
 288|07 34 03.176|-22 17 46.08|
 287|07 34 35.997|+31 53 18.53|CASTOR
1198|07 35 39.719|-52 32 02.10|
1196|07 35 55.346|+26 53 44.59|
1195|07 36 31.629|+46 10 49.11|
1197|07 36 41.026|-19 42 08.39|
 289|07 37 16.687|-04 06 39.64|
 290|07 37 22.094|-34 58 06.63|
 291|07 39 18.113|+05 13 30.06|PROCYON
 909|07 40 30.547|+87 01 12.47|
 293|07 41 14.835|-09 33 04.19|
 297|07 41 49.235|-72 36 21.84|
 292|07 43 00.409|+58 42 37.41|
 294|07 44 26.844|+24 23 52.72|
 295|07 45 18.946|+28 01 34.26|POLLUX
1202|07 45 56.861|-14 33 49.76|
1200|07 46 07.445|+18 30 36.04|
1201|07 46 16.206|+10 46 05.69|
1199|07 46 39.273|+37 31 02.60|
 296|07 47 30.324|+33 24 56.44|
1203|07 47 31.515|-46 36 30.79|
1206|07 49 12.881|-60 17 01.29|
1204|07 49 17.655|-24 51 35.31|
1205|07 51 41.980|+01 46 00.66|
 301|07 52 13.039|-40 34 33.10|
1207|07 53 29.805|+26 45 56.76|
 299|07 54 42.691|+47 33 52.59|
 303|07 56 46.707|-52 58 56.43|
1208|07 56 59.448|+15 47 24.89|
1210|07 57 40.112|-30 20 04.50|
1209|07 58 16.555|+43 58 38.60|
 304|07 59 44.148|-03 40 46.68|
1212|07 59 52.044|-18 23 57.34|
 300|08 00 11.718|+73 55 04.53|
1211|08 00 55.863|+25 23 34.08|
 302|08 01 42.413|+60 19 27.64|
1213|08 02 25.965|-06 20 13.89|
 305|08 03 31.078|+27 47 39.43|
 306|08 03 35.052|-40 00 11.64|
 308|08 07 32.645|-24 18 15.45|
 307|08 08 27.436|+51 30 23.98|
 309|08 09 31.965|-47 20 11.91|
1214|08 10 11.476|+35 27 17.74|
1215|08 12 48.789|+68 28 26.67|
 311|08 13 19.963|-15 47 17.75|
 312|08 16 30.928|+09 11 07.90|
1639|08 16 53.775|+84 03 27.60|
1216|08 17 18.460|+04 13 08.99|
 313|08 18 33.318|-36 39 33.68|
1218|08 19 15.084|-10 09 56.83|
 310|08 19 32.232|+75 45 24.85|
1217|08 20 03.856|+27 13 03.64|
 318|08 20 38.515|-77 29 04.11|
1219|08 21 23.031|-33 03 15.79|
 315|08 22 30.833|-59 30 34.51|AVIOR
 314|08 22 50.122|+43 11 17.31|
1220|08 23 21.828|+18 19 55.97|
1221|08 25 03.740|-24 02 46.37|
 316|08 25 39.628|-03 54 23.15|
 319|08 25 44.194|-66 08 13.02|
1222|08 28 37.338|+14 12 38.91|
 317|08 30 15.870|+60 43 05.44|MUSCIDA
 321|08 32 42.489|+20 26 28.15|
 320|08 32 54.975|+38 00 59.01|
 324|08 37 38.650|-42 59 20.86|
1223|08 37 39.371|+05 42 13.45|
1224|08 38 45.443|+03 20 28.96|
 323|08 39 17.618|+52 42 41.91|
 322|08 39 42.595|+73 37 46.85|
 325|08 40 01.464|-12 28 31.49|
1227|08 40 17.594|-52 55 19.10|
1226|08 40 37.594|-46 38 55.57|
1225|08 41 01.062|+45 50 02.42|
 331|08 41 19.530|-78 57 48.23|
1228|08 43 17.143|+21 28 06.52|ASELLUS BOREALIS
 327|08 43 35.545|-33 11 11.02|
 326|08 44 41.097|+18 09 15.45|ASELLUS AUSTRALIS
1229|08 44 55.160|-21 10 04.34|
 328|08 46 41.813|+28 45 35.68|
1230|08 49 21.723|-03 26 34.95|
 332|08 50 31.935|-27 42 35.59|
 336|08 55 02.832|-60 38 40.74|
1231|08 55 12.431|-18 14 28.51|
 334|08 55 23.629|+05 56 43.88|
 918|08 56 41.121|-85 39 47.25|
1233|08 56 58.409|-59 13 45.69|
 337|08 58 29.224|+11 51 27.79|ACUBENS
 335|08 59 12.442|+48 02 30.09|TALITHA
1232|08 59 32.649|+32 25 06.74|
1234|09 00 05.417|-41 15 13.51|
 339|09 00 38.390|+41 46 57.98|
1235|09 01 57.984|-00 28 57.64|
 343|09 02 26.804|-66 23 45.99|
 338|09 02 32.702|+67 37 46.66|
 341|09 03 37.527|+47 09 23.56|
1236|09 03 43.419|-05 10 16.96|
 340|09 04 00.395|+54 17 01.99|
 342|09 04 09.291|-47 05 52.00|
1237|09 06 31.764|+38 27 07.92|
1238|09 07 44.819|+10 40 05.44|
 345|09 07 59.776|-43 25 57.38|
1240|09 09 11.511|-12 21 27.81|
1239|09 09 21.533|+22 02 43.56|
1241|09 09 56.429|-30 21 55.39|
1242|09 11 58.734|-19 44 51.61|
 348|09 13 11.957|-69 43 01.95|MIAPLACIDUS
 346|09 13 48.207|+43 13 04.17|
 347|09 14 21.870|+02 18 51.23|
1640|09 15 21.239|+84 10 51.66|
 351|09 17 05.404|-59 16 31.04|ASPIDISKE
 350|09 18 58.832|+17 42 19.16|
 352|09 21 03.303|+34 23 33.19|
1243|09 21 29.596|-25 57 55.67|
 353|09 22 06.828|-55 00 38.60|
1244|09 24 39.255|+26 10 56.29|
1245|09 25 24.032|-05 07 02.80|
 354|09 27 35.247|-08 39 31.15|ALPHARD
 356|09 29 14.725|-35 57 05.13|
 361|09 31 13.321|-57 02 03.85|
 355|09 31 31.716|+63 03 42.70|
 362|09 31 36.273|-73 04 51.49|
 403|10 43 04.059|+69 04 34.37|
1246|09 31 56.738|+11 17 59.26|
 358|09 32 51.412|+51 40 38.38|
1247|09 33 12.464|-21 06 56.74|
 360|09 34 13.378|+36 23 51.16|
 357|09 34 28.874|+69 49 49.24|
 910|09 37 05.232|+81 19 35.12|
1248|09 37 09.904|-32 10 43.41|
1249|09 38 27.295|+04 38 57.32|
1250|09 39 51.364|-01 08 34.37|
 364|09 40 18.361|-14 19 56.40|
 365|09 41 09.038|+09 53 32.29|
 363|09 42 14.827|+69 14 15.11|
1251|09 43 33.258|+29 58 28.12|
1252|09 43 43.906|+14 01 18.07|
 366|09 44 12.110|-27 46 10.30|
1254|09 45 14.804|-62 30 28.49|
 367|09 45 51.071|+23 46 27.21|
1253|09 45 51.938|+18 41 00.91|
1255|09 48 35.379|+46 01 15.62|
 368|09 50 59.366|+59 02 19.45|
 370|09 51 14.029|-04 14 36.15|
1256|09 51 19.752|-46 11 38.13|
 371|09 52 45.819|+26 00 24.92|RASALAS
 373|09 54 52.209|-19 00 33.88|
1257|09 56 08.000|-07 38 43.31|
 375|09 56 51.756|-54 34 04.15|
 374|09 57 41.052|+41 03 20.32|
 372|09 58 22.779|+72 52 46.21|
 377|09 58 52.280|-35 53 27.84|
 376|09 59 43.075|+03 23 05.08|
 378|10 00 12.810|+08 02 39.11|
1258|10 01 00.661|+31 55 25.25|
1260|10 04 20.957|-24 17 08.08|
1259|10 04 36.329|+53 53 30.27|
1261|10 05 07.471|-13 03 52.86|
 379|10 07 19.952|+16 45 45.54|
 380|10 08 22.315|+11 58 01.89|REGULUS
 381|10 10 35.282|-12 21 14.72|
 385|10 13 44.198|-70 02 16.56|
 382|10 14 44.169|-42 07 19.34|
 384|10 16 41.409|+23 25 02.26|ADHAFERA
1264|10 17 04.976|-61 19 56.39|q CAR
 383|10 17 05.796|+42 54 51.81|TANIA BOREALIS
1263|10 17 37.807|-08 04 08.17|
1262|10 18 02.050|+65 06 30.03|
1265|10 18 07.610|-28 59 31.26|
1266|10 21 02.007|+02 17 22.80|RS SEX
1268|10 22 19.604|-41 39 00.22|
 386|10 22 19.742|+41 29 58.26|TANIA AUSTRALIS
1267|10 23 06.329|+33 54 29.21|
 388|10 23 26.479|-04 04 26.61|
1269|10 23 29.298|-38 00 35.74|
 387|10 24 07.852|+65 33 59.01|
 391|10 24 23.660|-74 01 53.81|
 389|10 26 05.430|-16 50 10.85|
 392|10 27 09.120|-31 04 04.11|
 393|10 27 52.727|-58 44 22.10|
 390|10 27 53.009|+36 42 26.06|
1270|10 29 28.704|-02 44 20.84|
1271|10 29 53.694|+28 34 52.36|
 394|10 30 37.585|+55 58 50.01|
1663|10 30 49.267|-86 05 26.35|
 911|10 31 04.565|+82 33 31.09|
 397|10 32 01.443|-61 41 07.33|
1272|10 32 11.774|+14 08 14.02|
 396|10 32 48.671|+09 18 23.66|
1273|10 32 56.894|-47 00 12.29|
 399|10 34 00.893|-23 44 42.64|
 395|10 35 05.525|+75 42 46.55|
 398|10 35 09.698|+57 04 57.56|
 401|10 35 28.071|-78 36 27.97|
1274|10 36 32.382|-12 13 48.58|
1275|10 38 43.215|+31 58 34.37|
 402|10 39 18.399|-55 36 11.82|
 404|10 41 24.187|-01 44 29.55|
1277|10 42 43.197|-32 42 56.57|
 406|10 42 57.368|-64 23 40.08|
 405|10 43 24.951|+23 11 18.24|
1276|10 43 32.894|+46 12 13.97|
 411|10 45 46.821|-80 32 24.66|
 407|10 45 51.899|+30 40 56.23|
1278|10 46 05.679|+06 22 23.40|
1279|10 46 24.545|+18 53 29.49|
1280|10 46 42.747|-26 02 53.27|
 409|10 49 15.432|+10 32 42.67|
 410|10 49 37.494|-16 11 37.26|
1281|10 50 18.058|-08 53 52.06|
 412|10 53 18.700|+34 12 53.54|
 414|10 56 43.060|-37 08 16.25|
1664|10 59 13.777|-84 35 37.91|
1282|10 59 27.972|+40 25 48.98|
1283|10 59 46.470|-18 17 55.65|ALKES
 413|10 59 56.776|+77 46 12.45|
 415|11 00 09.277|-42 13 33.35|
1284|11 00 33.649|+03 37 02.85|
 416|11 01 50.482|+56 22 56.65|MERAK
1285|11 02 36.791|-03 30 45.63|
 417|11 03 43.666|+61 45 03.22|DUBHE
 418|11 05 01.035|+07 20 09.58|
 419|11 05 19.918|-27 17 36.96|
1286|11 05 33.985|-11 05 20.33|
1288|11 06 49.863|-70 52 40.58|
1287|11 06 54.211|+01 57 19.74|
1289|11 08 35.374|-58 58 30.24|
 420|11 09 39.798|+44 29 54.60|
 421|11 11 39.492|-22 49 33.10|
1290|11 12 14.808|-32 26 01.84|
1291|11 12 33.078|-49 06 03.61|
 422|11 14 06.495|+20 31 25.30|ZOSMA
 423|11 14 14.401|+15 25 46.36|CHERTAN
1641|11 14 30.135|+85 38 24.41|
1292|11 16 39.704|-03 39 05.89|
 424|11 16 41.854|+49 28 34.59|
 425|11 18 28.738|+33 05 39.44|ALULA BOREALIS
1293|11 19 07.904|+38 11 07.99|
 426|11 19 20.453|-14 46 42.83|
 428|11 21 00.425|-54 29 27.82|
 427|11 21 08.195|+06 01 45.54|
 429|11 22 51.250|+64 19 49.72|
1294|11 24 22.064|-42 40 08.87|
 431|11 24 52.924|-17 41 02.47|
1295|11 25 45.736|+26 44 50.01|
1296|11 26 45.328|+03 00 47.05|
1297|11 27 56.246|+02 51 22.35|
1298|11 29 37.548|-28 01 50.20|
 432|11 30 31.130|+43 10 23.67|
 433|11 31 24.248|+69 19 51.87|GIAUSAR
 434|11 33 00.128|-31 51 27.51|
 436|11 35 46.845|-63 01 11.32|
 435|11 35 55.591|-47 38 30.02|
1299|11 36 40.915|-09 48 08.16|
 437|11 36 56.936|-00 49 25.65|
 438|11 37 15.577|-75 53 47.53|
 439|11 40 12.794|-34 44 40.81|
1300|11 41 03.020|+34 12 05.79|
 440|11 42 28.373|+66 44 41.55|
1301|11 44 45.787|-18 21 02.73|
 442|11 45 36.386|-66 43 43.47|
1302|11 45 51.563|+06 31 45.55|
 441|11 46 03.018|+47 46 45.90|
 443|11 46 30.796|-61 10 42.23|
1303|11 47 07.810|+61 24 06.72|
1304|11 47 59.128|+20 13 08.12|
1305|11 48 45.095|-26 44 59.32|
 444|11 49 03.580|+14 34 19.35|DENEBOLA
 445|11 50 41.722|+01 45 52.86|ZAVIJAVA
1306|11 51 02.239|-05 20 00.18|
 446|11 51 08.698|-45 10 24.73|
1307|11 52 58.767|+37 43 07.35|GROOMBRIDGE 1830
 447|11 53 49.836|+53 41 41.13|PHECDA
1308|11 55 40.532|+15 38 48.41|
1309|11 56 00.949|-17 09 03.02|
1310|11 58 07.175|+32 16 26.09|
1311|12 00 52.391|+06 36 51.43|
 449|12 03 39.588|-42 26 02.81|
1642|12 04 28.100|+85 35 13.66|
 450|12 05 12.537|+08 43 58.58|
 451|12 05 15.115|+76 54 20.56|
1312|12 05 56.674|-35 41 38.34|
 452|12 08 21.515|-50 43 20.74|
 453|12 10 07.485|-22 37 11.15|
1313|12 10 31.625|+16 48 33.29|
 454|12 12 11.917|+77 36 58.51|
1314|12 14 43.423|+53 26 04.76|
 455|12 15 08.683|-58 44 56.08|
 456|12 15 25.560|+57 01 57.42|MEGREZ
 457|12 15 48.366|-17 32 30.97|GIENAH
 458|12 16 07.551|+40 39 36.63|
 459|12 18 20.709|-79 18 43.93|
1315|12 19 20.198|-08 54 52.93|
1316|12 19 48.721|+48 59 02.93|
 460|12 19 54.358|-00 40 00.51|ZANIAH
1317|12 20 20.985|+03 18 45.05|
1318|12 22 30.314|+25 50 46.08|
1319|12 25 18.423|-27 44 56.60|
 461|12 25 50.937|+39 01 06.99|
 462|12 26 35.871|-63 05 56.58|ACRUX
 463|12 26 51.696|-32 49 48.41|
 464|12 28 02.389|-50 13 50.47|
1320|12 28 22.467|-39 02 28.68|
 466|12 29 43.233|+20 53 45.90|
 465|12 29 51.855|-16 30 55.57|ALGORAB
 467|12 29 57.334|+58 24 20.71|
 468|12 31 09.929|-57 06 47.50|GACRUX
 469|12 32 27.960|-72 07 58.64|
 472|12 33 28.952|+69 47 17.62|
1321|12 33 34.261|-12 49 48.77|
1322|12 33 38.914|+33 14 51.20|
 470|12 33 44.545|+41 21 26.89|CHARA
 471|12 34 23.238|-23 23 48.31|
1323|12 34 51.066|+22 37 45.18|
 473|12 35 07.751|+18 22 37.33|
1324|12 36 47.355|-05 49 54.83|
 474|12 37 10.958|-69 08 07.96|
 475|12 39 14.773|-07 59 44.23|
1325|12 41 22.993|-46 08 44.25|
 478|12 41 33.903|+62 42 46.88|
1326|12 41 53.062|+10 14 08.14|
 479|12 44 00.537|-28 19 26.28|
1327|12 45 07.839|+45 26 24.98|Y CVN
1328|12 45 37.062|+07 40 23.83|
 481|12 47 43.237|-59 41 19.46|
1330|12 47 51.418|+03 34 21.67|
1329|12 47 53.655|-24 51 05.94|
1331|12 50 41.175|-33 59 57.66|
1332|12 51 41.920|+27 32 26.48|
1333|12 52 12.251|+17 04 26.04|
 482|12 53 26.180|-40 10 44.15|
1334|12 54 00.285|-18 02 15.56|
 483|12 54 01.748|+55 57 35.47|ALIOTH
1335|12 54 21.163|-09 32 20.28|
 919|12 54 58.614|-85 07 24.08|
 486|12 55 28.543|+65 26 18.50|
 484|12 55 36.213|+03 23 50.75|
 485|12 56 01.664|+38 19 06.21|COR CAROLI
1336|12 59 39.527|-03 48 42.97|
 488|13 02 10.602|+10 57 32.88|VINDEMIATRIX
 487|13 02 16.217|-71 32 55.88|
1337|13 05 44.450|+35 47 56.05|
1338|13 05 52.278|+45 16 06.84|
1339|13 06 21.229|+21 09 12.31|
 489|13 06 54.639|-49 54 22.49|
1340|13 07 38.272|-53 27 35.38|
 490|13 09 56.999|-05 32 20.42|
 491|13 10 03.215|+38 29 56.27|
1341|13 11 39.213|-26 33 06.18|
 492|13 11 52.395|+27 52 41.40|
 493|13 15 14.890|-67 53 40.47|
1342|13 16 53.143|-31 30 22.40|
1343|13 17 13.924|-43 58 46.09|
 494|13 17 32.542|+40 34 21.45|
1344|13 17 36.288|+05 28 11.45|
1345|13 18 24.314|-18 18 40.57|
 495|13 18 55.293|-23 10 17.66|
1346|13 20 18.952|+40 09 02.02|
 496|13 20 35.822|-36 42 44.32|
1347|13 22 37.900|-60 59 18.03|
 497|13 23 55.539|+54 55 31.38|MIZAR
 498|13 25 11.587|-11 09 40.71|SPICA
 499|13 26 08.064|+72 23 29.27|
1348|13 26 43.168|-12 42 27.71|
1350|13 28 18.761|+31 08 57.20|
1349|13 28 25.809|+13 46 43.50|
 500|13 28 27.081|+59 56 44.88|
1351|13 34 07.932|+03 39 32.12|
 501|13 34 41.585|-00 35 45.39|
 502|13 34 47.808|+37 10 56.69|
1353|13 35 14.103|+44 11 49.49|
1352|13 35 31.298|-05 23 46.30|
 505|13 37 10.974|+71 14 32.05|
 503|13 39 11.906|-75 41 01.58|
 504|13 39 53.246|-53 27 58.99|
1665|13 40 55.460|-85 47 09.66|
1354|13 41 30.867|-23 26 59.25|
1355|13 41 36.775|-08 42 10.93|
1643|13 42 23.092|+82 45 08.62|
1356|13 42 56.090|-56 46 04.79|
1357|13 44 29.828|-16 10 44.75|
 506|13 45 41.247|-33 02 37.56|
1358|13 46 43.316|+25 42 07.87|
 507|13 47 15.740|+17 27 24.43|
 509|13 47 32.434|+49 18 47.95|ALKAID
 508|13 49 36.993|-42 28 25.53|
1359|13 49 44.164|+08 24 30.92|
 510|13 49 52.287|-18 08 03.11|
 511|13 51 25.921|+64 43 23.75|
 513|13 54 41.074|+18 23 51.72|MUPHRID
 512|13 55 32.388|-47 17 18.12|
1360|13 56 10.460|+32 01 57.31|
 514|13 57 38.861|-63 41 11.98|
 515|13 58 31.149|-24 58 20.08|
1362|13 59 49.282|-03 32 59.31|
1361|14 00 00.120|-25 00 37.49|
 517|14 01 10.477|+27 23 11.56|
 516|14 01 38.797|+01 32 40.24|
1364|14 03 27.465|-41 25 24.15|
 518|14 03 49.408|-60 22 22.79|
 521|14 04 23.341|+64 22 33.05|THUBAN
1365|14 04 26.981|-14 58 18.24|
1363|14 05 19.825|-76 47 48.38|
1366|14 06 17.780|-08 53 29.84|
 519|14 06 22.300|-26 40 56.52|
1367|14 06 26.869|+38 25 03.18|
 520|14 06 40.951|-36 22 12.03|MENKENT
1368|14 07 55.753|+43 51 16.12|
 524|14 08 50.905|+77 32 50.98|
 522|14 10 23.938|+25 05 29.89|
 523|14 12 53.752|-10 16 25.44|
 526|14 15 39.677|+19 10 56.71|ARCTURUS
 525|14 16 00.918|-06 00 02.04|SYRMA
 528|14 16 09.922|+51 22 02.17|
 527|14 16 23.020|+46 05 17.97|
1370|14 17 59.814|+35 30 34.29|
1369|14 18 38.264|-18 42 57.65|CS VIRGO
1371|14 19 06.593|-13 22 15.99|
1372|14 19 16.286|+13 00 15.43|
 529|14 20 19.524|-56 23 11.59|
1373|14 20 33.435|-37 53 07.25|
1374|14 23 25.630|-11 42 50.66|
1375|14 24 11.347|+05 49 12.34|
1376|14 24 48.627|-24 48 22.71|
 530|14 25 06.304|-68 11 43.26|
 531|14 25 11.792|+51 51 02.77|
1377|14 26 08.230|-45 13 17.18|
1378|14 26 27.360|+19 13 36.68|
1379|14 27 31.527|+75 41 45.57|
 532|14 28 10.426|-29 29 29.87|
 533|14 28 12.144|-02 13 40.67|
 536|14 31 42.804|+60 13 32.29|
 534|14 31 49.792|+30 22 17.12|
 535|14 32 04.674|+38 18 29.74|SEGINUS
1380|14 34 40.820|+29 44 42.46|
 537|14 35 30.429|-42 09 28.39|
1381|14 36 59.787|-12 18 19.44|
 540|14 38 50.225|+44 24 16.25|
 538|14 39 35.885|-60 50 07.44|RIGEL KENTAURUS
1382|14 41 43.532|+11 39 38.28|
 541|14 41 55.768|-47 23 17.51|
 539|14 42 30.408|-64 58 30.51|
 545|14 43 03.629|-05 39 29.56|
1383|14 43 25.367|+26 31 40.10|W BOOTES
 544|14 43 39.435|-35 10 25.37|
1384|14 45 13.716|+32 47 17.81|
 547|14 46 14.935|+01 53 34.16|
 546|14 47 01.306|-52 23 00.87|
1385|14 47 44.817|-26 05 14.98|
 542|14 47 51.638|-79 02 41.15|
1386|14 49 06.744|+37 48 40.26|
1644|14 50 20.403|+82 30 42.97|
1387|14 50 41.207|-15 59 50.14|
 550|14 50 42.346|+74 09 19.78|KOCHAB
 548|14 50 52.713|-16 02 30.42|ZUBENELGENUBI
 549|14 51 26.422|+59 17 38.36|
1388|14 53 39.819|+06 14 30.40|
1389|14 55 44.715|-33 51 20.94|
 551|14 56 13.233|+14 26 46.54|
1390|14 56 46.118|-11 24 35.05|
1392|14 57 03.600|+21 33 19.43|
1391|14 57 28.031|-21 24 55.95|33 G LIB
1393|14 57 33.258|-00 10 03.42|
 554|14 57 34.995|+65 55 56.79|RR UMI
 552|14 58 31.929|-43 08 02.40|
 553|14 59 09.691|-42 06 15.37|
1394|15 00 58.354|-08 31 08.28|
 555|15 01 56.757|+40 23 26.10|NEKKAR
 556|15 04 04.218|-25 16 55.12|
 557|15 04 26.745|+26 56 51.43|
1395|15 05 25.830|+48 09 03.59|
1397|15 06 16.708|+54 33 22.86|
1396|15 07 18.069|+24 52 08.96|
1398|15 11 56.081|-48 44 16.29|
 559|15 12 13.289|-19 47 30.26|
 558|15 12 17.106|-52 05 57.38|
1399|15 14 37.334|-31 31 09.01|
 565|15 14 38.326|+67 20 48.28|
 562|15 15 11.363|+04 56 21.67|
 563|15 15 30.170|+33 18 53.30|
 564|15 17 00.421|-09 22 58.54|ZUBENESCHAMALI
 561|15 17 30.839|-58 48 04.48|
1400|15 18 24.509|+20 34 21.92|
1401|15 18 41.937|+10 25 39.68|
 560|15 18 54.551|-68 40 46.38|
 569|15 20 43.713|+71 50 02.49|PHERKAD
1402|15 21 22.330|-40 38 51.39|
 566|15 21 48.377|-36 15 41.03|
1404|15 22 57.083|-26 41 19.72|
1405|15 23 01.788|-15 08 02.60|
1403|15 23 09.351|-36 51 30.73|
1406|15 23 43.712|-01 01 20.66|
 568|15 24 29.434|+37 22 37.79|ALKALUROPS
 571|15 24 55.763|+58 57 57.83|EDASICH
 570|15 25 47.401|+15 25 40.87|
 572|15 27 49.739|+29 06 20.59|NUSAKAN
1407|15 28 15.411|-16 42 59.43|
 920|15 28 19.123|-88 07 58.89|
1408|15 30 55.444|+08 34 44.70|
 573|15 30 55.762|+40 49 59.03|
 567|15 31 30.782|-73 23 22.46|
 576|15 32 55.785|+31 21 32.71|
1409|15 34 10.706|-10 03 52.39|
 578|15 34 41.276|+26 42 52.94|ALPHECCA
 577|15 35 31.579|-14 47 22.40|
1410|15 36 12.107|-44 23 48.64|
 574|15 36 43.219|-66 19 01.44|
 579|15 37 01.463|-28 08 06.15|
 580|15 37 49.602|+40 21 12.44|
1412|15 38 16.221|+46 47 51.77|
1411|15 38 49.475|-52 22 21.86|
1413|15 41 56.798|-19 40 43.88|
1666|15 43 16.844|-84 27 54.93|
1645|15 43 27.066|+82 56 50.23|
 590|15 44 03.502|+77 47 40.11|
 582|15 44 16.087|+06 25 32.31|UNUKALHAI
 583|15 46 11.262|+15 25 18.56|
 587|15 46 39.990|+62 35 58.42|
 584|15 48 44.385|+18 08 29.60|
 585|15 49 37.225|-03 25 48.81|
 588|15 50 48.970|+04 28 39.84|
 586|15 50 57.538|-33 37 37.84|
1414|15 51 13.935|+35 39 26.58|
1416|15 52 40.542|+42 27 05.64|
1415|15 53 20.061|-20 10 01.50|
 589|15 55 08.547|-63 25 50.37|
 591|15 56 27.187|+15 39 41.88|
 593|15 57 35.257|+26 52 40.34|
 595|15 57 47.433|+54 44 59.24|
1417|15 58 11.374|-14 16 45.73|
 592|15 58 51.120|-26 06 50.75|
1418|15 59 30.267|-41 44 40.07|
1419|16 00 19.598|-16 32 00.11|
 594|16 00 20.008|-22 37 18.04|
1420|16 00 47.637|-08 24 40.96|
 598|16 01 53.335|+58 33 54.96|
 597|16 05 26.233|-19 48 19.50|GRAFFIAS
 596|16 06 29.441|-45 10 23.64|
 599|16 06 35.543|-36 48 08.29|
1421|16 08 04.534|+17 02 49.03|
 601|16 08 46.178|+44 56 05.72|
1423|16 08 58.301|+36 29 27.22|
1422|16 09 11.186|+06 22 43.81|
 606|16 10 49.533|+75 52 39.15|
 600|16 13 28.741|-54 37 49.80|
 603|16 14 20.743|-03 41 39.55|YED PRIOR
 602|16 15 26.268|-63 41 08.31|
1425|16 16 16.720|+23 07 21.85|
 612|16 17 30.323|+75 45 18.94|
 605|16 18 19.290|-04 41 32.99|YED POSTERIOR
1426|16 19 32.749|-30 54 24.34|
 608|16 19 44.440|+46 18 48.21|
 604|16 19 50.443|-50 09 19.98|
1424|16 20 20.764|-78 41 44.68|
 607|16 21 11.317|-25 35 34.17|
 609|16 21 55.216|+19 09 11.20|
1427|16 22 04.354|+01 01 44.52|
1428|16 22 56.505|+32 19 58.83|
1429|16 24 10.831|+06 56 53.45|
 614|16 24 25.337|+55 12 18.42|
 613|16 25 24.962|+14 01 59.75|
 619|16 27 59.003|+68 46 05.31|
 610|16 28 28.123|-70 05 03.98|
 616|16 29 24.439|-26 25 55.15|ANTARES
1430|16 29 46.932|-14 33 03.00|
 618|16 30 13.201|+21 29 22.56|KORNEPHOROS
 623|16 30 38.788|+77 26 47.50|
1431|16 31 22.941|-34 42 15.61|
1432|16 32 25.660|+60 49 24.00|
 611|16 33 27.043|-78 53 49.66|
 621|16 34 06.189|+42 26 13.31|
 620|16 35 52.960|-28 12 57.72|
1433|16 36 21.455|-02 19 28.60|
 622|16 37 09.542|-10 34 01.56|
1434|16 38 44.851|+48 55 42.20|
 624|16 41 34.390|-17 44 31.85|
 626|16 42 53.772|+38 55 20.30|
 627|16 45 17.802|+56 46 54.79|
 912|16 45 58.142|+82 02 14.22|
1436|16 47 09.752|+02 03 52.30|
 625|16 48 39.869|-69 01 39.82|ATRIA
1437|16 49 35.002|-21 51 08.54|
1435|16 49 47.147|-59 02 29.13|
1438|16 49 50.035|-10 46 58.91|
 628|16 50 09.820|-34 17 35.72|
1440|16 51 45.266|+24 39 23.12|
1439|16 51 52.235|-38 02 50.74|
 629|16 52 04.851|+14 58 27.09|
1441|16 52 58.057|+31 42 06.03|
1442|16 54 00.482|+10 09 55.16|
 633|16 57 40.102|+09 22 30.09|
1444|16 58 17.950|-50 38 28.44|
 631|16 58 37.208|-55 59 24.51|
 632|16 59 35.066|-53 09 37.82|
 634|17 00 17.380|+30 55 35.10|
1443|17 00 54.600|-76 13 07.51|
 921|17 00 58.461|-86 21 51.55|
1445|17 01 03.598|-04 13 21.43|
1446|17 01 36.362|+33 34 05.83|
1448|17 05 04.952|+43 48 44.12|
 635|17 05 22.694|+12 44 27.03|
1447|17 06 53.244|-26 30 46.89|
 636|17 07 46.684|+40 30 57.92|
1449|17 08 14.865|-17 36 32.54|
 639|17 08 47.196|+65 42 52.79|
1450|17 09 47.959|-10 31 23.83|
1451|17 11 45.246|+07 53 41.11|
 638|17 12 09.209|-43 14 20.99|
 641|17 15 01.911|+24 50 21.17|
 643|17 15 02.839|+36 48 33.01|
1453|17 16 31.717|+01 12 37.94|U OPH
 914|17 16 56.834|+89 02 15.66|
1452|17 17 03.656|-32 39 46.31|
1454|17 20 18.871|+18 03 25.54|
1456|17 20 39.571|+32 28 03.88|
 644|17 22 00.587|-24 59 58.25|
 642|17 22 05.852|-70 07 23.57|
 645|17 25 17.999|-55 31 47.61|
1458|17 25 57.881|-01 39 06.44|
1457|17 26 22.222|-24 10 31.13|
1459|17 26 30.885|+04 08 25.22|
 647|17 26 37.881|-05 05 11.75|
 650|17 26 44.249|+48 15 36.26|
 646|17 27 21.287|-29 52 01.49|
 653|17 30 25.955|+52 18 05.12|RASTABAN
1460|17 30 44.318|+26 06 38.39|
 649|17 30 45.843|-37 17 45.03|LESATH
 648|17 31 05.894|-60 41 01.69|
1455|17 31 27.308|-80 51 32.94|
 651|17 31 50.509|-49 52 34.29|
 659|17 31 57.866|+68 08 06.11|
 655|17 32 10.554|+55 11 03.41|
 913|17 32 12.872|+86 35 11.32|
 657|17 32 16.017|+55 10 22.60|
1462|17 33 07.257|+41 14 36.50|
 652|17 33 36.534|-37 06 13.72|SHAULA
1461|17 34 46.357|-11 14 31.09|
 656|17 34 56.076|+12 33 36.14|RASALHAGUE
 664|17 36 57.082|+68 45 28.72|
 654|17 37 19.151|-42 59 52.21|
 658|17 37 35.202|-15 23 54.78|
 663|17 39 27.892|+46 00 22.90|
 670|17 41 56.342|+72 08 55.89|
 660|17 42 29.276|-39 01 48.09|
1463|17 43 25.803|-21 40 59.51|
 665|17 43 28.358|+04 34 02.26|CEBALRAI
 662|17 44 08.704|-51 50 02.68|
 661|17 45 43.966|-64 43 25.77|
 667|17 46 27.517|+27 43 14.35|
1464|17 47 33.638|-27 49 50.93|
 666|17 47 35.085|-40 07 37.36|
 668|17 47 53.564|+02 42 26.19|
1465|17 48 24.769|+20 33 55.65|
 675|17 49 27.007|+76 57 46.27|
 669|17 49 51.497|-37 02 35.85|G SCO
1466|17 50 09.254|+09 50 53.71|
 671|17 53 31.725|+56 52 21.56|GRUMIUM
1467|17 54 57.686|-07 44 02.12|
1468|17 55 25.191|+26 03 00.00|
 672|17 56 15.185|+37 15 01.90|
 676|17 56 36.367|+51 29 20.21|ELTANIN
 674|17 57 45.895|+29 14 52.46|
 673|17 59 01.598|-09 46 25.10|
1469|18 00 03.417|+16 45 03.28|
 677|18 00 38.719|+02 55 53.60|
1470|18 01 23.132|-17 09 24.77|
 679|18 05 48.491|-30 25 26.69|ALNASL
1471|18 06 37.864|-50 05 29.57|
 680|18 07 20.988|+09 33 49.87|
 681|18 07 32.555|+28 45 45.01|
1472|18 09 43.385|-13 56 04.01|
1473|18 11 13.766|-45 57 15.82|
 678|18 11 15.727|-75 53 29.36|
 682|18 13 45.812|-21 03 31.79|
 685|18 13 53.802|+64 23 50.19|
 684|18 15 38.791|+42 09 33.62|
1474|18 17 07.521|-56 01 24.09|
1475|18 17 24.170|-09 45 31.04|
 683|18 17 37.641|-36 45 42.15|
1477|18 19 51.711|+36 03 52.45|
1476|18 20 52.067|+03 22 37.71|
 687|18 20 59.655|-29 49 41.33|KAUS MEDIA
 695|18 21 03.381|+72 43 58.33|
 688|18 21 18.601|-02 53 55.74|
 686|18 23 13.606|-61 29 38.09|
 690|18 23 41.889|+21 46 11.08|
1646|18 24 09.175|+83 10 31.21|
 689|18 24 10.327|-34 23 04.73|KAUS AUSTRALIS
1478|18 25 38.802|+08 01 55.20|
1479|18 25 58.795|+29 49 44.20|
 691|18 26 58.421|-45 58 06.42|
 692|18 27 58.246|-25 25 18.15|KAUS BOREALIS
 696|18 29 11.857|-14 33 56.92|
1480|18 29 40.986|-01 59 07.11|
 700|18 29 44.932|+77 32 49.42|
1481|18 31 04.446|+16 55 42.74|
 697|18 33 30.179|-42 18 45.09|
1483|18 33 47.672|+46 13 09.02|
1482|18 35 12.436|-08 14 38.63|
 701|18 36 13.250|+65 29 19.28|
1484|18 36 27.836|+09 07 21.05|
 699|18 36 56.332|+38 47 01.17|VEGA
1485|18 37 54.437|-21 23 51.87|
1486|18 42 16.432|-09 03 09.20|
 698|18 43 02.092|-71 25 41.23|
 702|18 43 31.259|-08 16 30.81|
1487|18 45 39.389|-26 59 26.82|
 703|18 45 39.725|+20 32 46.72|
1488|18 46 04.481|+26 39 43.62|
1494|18 46 22.190|+75 26 02.29|
1492|18 46 43.077|+52 59 16.81|
1491|18 47 01.266|+18 10 53.39|
1489|18 47 10.480|-04 44 52.36|
1490|18 48 50.492|-43 40 48.25|
 705|18 50 04.800|+33 21 45.65|SHELIAK
1493|18 50 50.485|-22 09 43.83|
 707|18 51 12.083|+59 23 18.13|
 704|18 52 13.008|-62 11 15.36|
 714|18 54 23.851|+71 17 49.92|
 922|18 54 46.934|-87 36 21.21|
 706|18 55 15.924|-26 17 48.23|NUNKI
 711|18 55 20.111|+43 56 45.99|R LYRAE
1495|18 55 31.012|-16 22 35.98|
 709|18 56 13.190|+04 12 12.91|ALYA
 710|18 57 43.797|-21 06 23.97|
 708|18 58 27.748|-52 56 19.14|
 713|18 58 56.621|+32 41 22.42|SULAFAT
 712|18 59 37.362|+15 04 05.80|
 716|19 05 24.611|+13 51 48.43|
 717|19 06 14.941|-04 52 57.14|
1497|19 06 35.127|-01 20 46.08|
1498|19 06 37.735|+28 37 42.95|
1496|19 06 56.415|-27 40 13.57|
 719|19 07 18.127|+36 06 00.61|
 718|19 09 28.336|-37 54 16.22|
 720|19 09 45.836|-21 01 25.06|
 723|19 12 33.285|+67 39 41.57|ALTAIS
1500|19 12 40.717|-07 56 22.30|
 729|19 15 33.004|+73 21 19.65|
 724|19 16 22.094|+38 08 01.46|
1499|19 16 22.294|-75 48 00.32|
 726|19 17 06.154|+53 22 06.54|
 722|19 17 38.079|-18 57 10.72|
 725|19 17 49.003|+11 35 43.49|
1501|19 19 39.996|-35 25 17.34|
 734|19 21 40.170|+79 36 09.88|
 727|19 21 43.626|-15 57 18.09|
1502|19 22 38.296|-44 27 32.29|ARKAB
 728|19 23 53.168|-40 36 57.58|RUKBAT
1503|19 24 58.203|+11 56 39.83|
 730|19 25 29.904|+03 06 53.17|
1507|19 25 46.739|+58 01 38.46|
1506|19 25 56.618|+44 55 50.74|
1505|19 26 28.678|+19 53 29.39|
 731|19 26 56.484|-29 44 35.54|
1504|19 27 48.113|-54 19 30.96|
1508|19 28 42.333|+24 39 53.66|
 733|19 29 42.349|+51 43 47.26|
1509|19 30 39.839|-02 47 19.96|
 732|19 30 43.301|+27 57 34.83|ALBIREO
1510|19 31 46.317|+34 27 10.73|
1511|19 34 05.363|+07 22 44.17|
 735|19 35 12.984|-48 05 57.24|
 738|19 36 26.496|+50 13 15.80|
 736|19 36 42.433|-24 53 00.95|
 737|19 36 53.456|-07 01 38.98|
1512|19 40 43.389|-16 17 35.66|
1513|19 41 02.943|+17 28 33.74|
1514|19 42 31.135|-16 07 26.43|
1515|19 43 42.927|+25 46 18.94|
 740|19 44 16.608|+37 21 15.64|
1516|19 46 01.221|-31 54 30.94|
 741|19 46 15.585|+10 36 47.77|TARAZED
1517|19 46 21.739|-19 45 40.01|
 743|19 47 23.270|+18 32 03.34|
 739|19 48 01.180|-56 21 45.42|
 744|19 50 46.794|-10 45 48.62|
 745|19 50 47.002|+08 52 06.03|ALTAIR
 746|19 52 28.374|+01 00 20.37|
1519|19 53 18.742|-03 06 52.08|
1518|19 54 40.437|-61 10 14.81|
1520|19 55 15.691|-41 52 06.05|
 749|19 55 18.799|+06 24 24.29|ALSHAIN
1667|19 56 01.516|-81 20 59.45|
1521|19 56 18.376|+35 05 00.34|
1522|19 57 57.031|-15 29 29.43|
 752|19 58 45.428|+19 29 31.79|
1647|19 59 19.927|+84 40 07.06|
 751|19 59 44.180|-35 16 34.74|
 748|20 00 35.499|-72 54 37.82|
1523|20 01 06.050|+27 45 12.92|
 753|20 02 39.493|-27 42 35.40|
1524|20 04 08.319|+07 16 40.58|
 755|20 07 23.153|-52 52 50.89|
 754|20 08 43.581|-66 10 55.45|
 759|20 08 53.334|+77 42 41.04|
1525|20 09 25.623|+36 50 22.66|
 756|20 11 18.287|-00 49 17.30|
 758|20 13 23.869|+56 34 03.87|
 757|20 13 37.904|+46 44 28.87|V695 CYG
1526|20 14 16.627|+15 11 51.25|
 760|20 16 47.088|+24 40 15.90|
1527|20 17 38.871|-12 30 29.50|
1529|20 18 01.399|-21 48 35.94|
 761|20 18 03.262|-12 32 41.43|ALGEDI
1528|20 18 55.968|-47 42 38.81|
1530|20 20 51.896|-35 40 25.39|
 762|20 21 00.673|-14 46 52.99|DABIH
 765|20 22 13.704|+40 15 24.14|SADR
 763|20 22 27.510|-42 02 58.58|
1531|20 23 10.695|+05 20 34.70|
1532|20 25 26.836|-28 39 47.70|
 764|20 25 38.852|-56 44 06.38|PEACOCK
1535|20 29 20.396|+36 27 17.11|
1534|20 29 23.736|+30 22 06.84|
 767|20 29 34.883|+62 59 38.73|
1533|20 29 39.003|-02 53 07.86|
1538|20 30 00.704|+72 31 54.19|
 770|20 31 30.417|+74 57 16.66|AF DRA
1536|20 32 23.697|-09 51 12.27|
 768|20 33 12.781|+11 18 11.81|
1537|20 33 59.931|+04 53 55.16|
 769|20 37 34.044|-47 17 29.41|
1539|20 38 31.332|+21 12 04.36|
 772|20 39 07.783|+10 05 10.41|
 774|20 39 38.293|+15 54 43.29|
 773|20 40 02.950|-18 08 19.20|
1540|20 40 19.837|-33 25 54.68|
 777|20 41 25.917|+45 16 49.31|DENEB
1668|20 42 33.714|-84 24 25.67|
 915|20 42 35.201|+82 31 52.33|
 778|20 43 27.538|+15 04 28.42|
 776|20 44 02.341|-51 55 15.78|
 775|20 44 57.470|-66 12 11.44|
 783|20 45 17.379|+61 50 19.65|
 782|20 45 21.121|+57 34 47.06|
 779|20 46 05.742|-25 16 15.28|
 780|20 46 12.684|+33 58 12.92|
1544|20 46 21.203|+52 59 43.09|
1541|20 46 39.499|+16 07 27.43|
 781|20 47 40.559|-09 29 44.74|ALBALI
1543|20 47 44.243|-05 01 39.75|
1542|20 48 29.160|-43 59 18.64|
1545|20 49 17.239|-00 33 47.95|
1546|20 51 49.300|-26 55 08.92|
1547|20 52 39.237|-08 58 59.93|
 786|20 54 33.637|+28 03 27.47|
 785|20 54 48.583|-58 27 15.01|
 788|20 57 10.418|+41 10 01.88|
1548|20 57 40.649|-16 01 53.61|
1549|20 58 16.351|+22 19 33.27|
1551|20 59 49.553|+47 31 15.54|V832 CYG
 789|21 00 33.843|-04 43 48.88|
1550|21 01 17.465|-32 15 27.93|
 790|21 02 57.951|-38 37 53.54|
 787|21 04 42.984|-77 01 25.52|
 792|21 04 55.864|+43 55 40.28|
 795|21 05 29.287|+78 07 35.02|
1552|21 05 56.834|-17 13 58.22|
1553|21 06 33.427|-00 06 18.13|
 793|21 06 54.592|+38 44 44.99|
 791|21 07 07.682|-25 00 21.04|
 923|21 08 46.202|-88 57 23.38|
 794|21 09 35.654|-11 22 18.12|
1555|21 10 20.518|+10 07 53.57|
 797|21 12 56.185|+30 13 37.06|
1556|21 13 17.341|-27 37 09.69|
1554|21 13 20.485|-70 07 34.80|
 796|21 15 45.859|-53 15 47.22|
 800|21 15 49.439|+05 14 52.25|KITALPHA
1558|21 17 24.953|+39 23 40.87|
1557|21 17 52.543|-48 43 05.71|
1559|21 17 55.078|+34 53 48.68|
 801|21 17 56.295|-32 10 21.27|
 803|21 18 34.769|+62 35 08.08|ALDERAMIN
1560|21 19 40.774|+53 03 29.23|
 802|21 20 45.636|-40 48 34.53|
 804|21 22 05.198|+19 48 16.26|
1561|21 22 14.803|-16 50 04.48|
1562|21 24 11.499|-12 52 41.27|
1563|21 26 15.439|-54 39 37.83|
 805|21 26 26.596|-65 21 58.43|
 806|21 26 40.034|-22 24 40.81|
1564|21 28 24.848|+08 11 44.28|
 809|21 28 39.600|+70 33 38.61|ALFIRK
 807|21 29 26.957|+46 32 26.15|
1565|21 29 56.896|+23 38 19.84|
 808|21 31 33.538|-05 34 16.25|SADALSUUD
1566|21 32 14.587|-33 56 40.72|
1567|21 33 23.528|-44 50 55.46|
1568|21 33 58.855|+45 35 30.63|
 811|21 36 56.976|+40 24 48.76|
1569|21 37 45.113|-07 51 15.21|
1570|21 37 45.434|+19 19 06.90|
 813|21 38 57.626|+57 29 20.62|
 812|21 40 05.457|-16 39 44.40|NASHIRA
 810|21 41 28.548|-77 23 24.18|
 817|21 41 55.296|+71 18 41.24|
 815|21 44 11.164|+09 52 29.92|ENIF
 814|21 44 56.817|-33 01 32.87|
1572|21 45 26.930|+61 07 14.87|
1571|21 45 44.520|+35 51 26.37|
 818|21 46 32.104|-11 21 57.37|
 821|21 46 47.610|+49 18 34.46|
 819|21 47 02.448|-16 07 38.27|DENEB ALGEDI
1574|21 47 13.971|+02 41 10.02|
1573|21 48 15.758|-47 18 13.18|
1575|21 49 50.693|+30 10 27.15|
 820|21 50 47.148|-69 37 46.07|
1576|21 51 24.621|-23 16 14.31|
1578|21 52 46.942|+73 42 08.25|
 823|21 53 03.766|+25 55 30.44|
1577|21 53 17.778|-13 33 06.44|
 822|21 53 55.730|-37 21 53.60|
1579|21 56 23.983|+21 14 23.46|
 824|21 57 55.080|-54 59 33.37|
1580|21 58 54.990|-04 22 23.30|
 826|22 01 05.355|+13 07 11.39|
 825|22 03 21.643|-56 47 09.58|
 830|22 05 00.505|+62 47 08.47|
 827|22 05 47.038|-00 19 11.47|SADALMELIK
1581|22 06 06.895|-39 32 36.05|
 828|22 06 26.229|-13 52 10.77|
 831|22 07 00.673|+25 20 42.32|
 829|22 08 14.000|-46 57 39.59|AL NA'IR
 832|22 08 23.019|-32 59 18.68|
 833|22 09 13.640|+33 10 20.44|
 837|22 09 48.429|+72 20 28.44|
 835|22 09 59.242|+33 10 41.53|
 834|22 10 11.987|+06 11 52.26|BIHAM
 836|22 10 51.285|+58 12 04.49|
1648|22 13 10.580|+86 06 28.68|
1583|22 13 52.734|+39 42 53.61|
 838|22 14 18.768|-27 46 00.92|
1582|22 14 38.230|-15 49 06.75|
 840|22 16 50.041|-07 46 59.91|ANCHA
 841|22 18 30.099|-60 15 34.59|
 839|22 20 01.497|-80 26 23.17|
 843|22 21 31.085|+12 12 18.68|
1584|22 21 35.580|-21 35 53.71|
 842|22 21 39.378|-01 23 14.44|SADACHBIA
 844|22 23 33.623|+52 13 44.60|
1585|22 25 16.627|+01 22 38.51|
1586|22 25 40.695|+18 26 39.53|
1587|22 28 37.657|-67 29 20.61|
 845|22 28 39.215|-39 07 54.59|
1588|22 29 07.998|+09 07 44.37|
1589|22 29 10.229|+26 45 47.48|
 847|22 29 10.266|+58 24 54.62|
 846|22 29 16.185|-43 29 44.13|
1593|22 29 52.939|+78 49 27.36|
1590|22 30 01.824|+32 34 21.47|
1591|22 30 38.824|-10 40 40.67|
 848|22 31 17.497|+50 16 57.05|
1592|22 31 30.347|-32 20 45.78|
1670|22 31 37.390|-85 58 02.30|
1594|22 32 16.200|+76 13 35.10|
 849|22 34 41.643|-20 42 29.55|
 850|22 35 21.384|-00 07 03.00|
 851|22 35 46.125|+73 38 35.48|
1595|22 37 45.385|-04 13 40.99|
 853|22 38 39.047|+63 35 03.96|
 852|22 39 15.685|+39 03 01.01|
 854|22 40 39.357|-27 02 37.04|
 855|22 41 27.731|+10 49 52.85|HOMAM
 856|22 42 40.063|-46 53 04.69|
 857|22 43 00.143|+30 13 16.52|MATAR
 858|22 44 05.487|+41 49 09.30|
1596|22 45 28.177|+19 21 59.59|
1669|22 45 28.562|-88 49 06.16|
 924|22 46 03.350|-81 22 53.91|
 859|22 46 31.883|+23 33 56.35|
1598|22 47 29.761|-01 47 19.64|
1597|22 47 33.130|-19 36 48.12|
 860|22 48 33.301|-51 19 00.74|
 861|22 49 35.506|-13 35 33.45|
 863|22 49 40.821|+66 12 01.51|
 862|22 50 00.201|+24 36 05.71|SADALBARI
1599|22 51 02.170|-39 09 24.79|
 864|22 52 36.862|-07 34 46.60|
1649|22 54 24.765|+84 20 46.49|
 866|22 54 39.017|-15 49 14.95|SKAT
 865|22 54 39.436|-70 04 25.46|
1600|22 55 02.647|+37 04 36.52|
 867|22 57 39.055|-29 37 20.10|FOMALHAUT
 868|23 00 52.808|-52 45 14.89|
 869|23 01 55.267|+42 19 33.50|
1601|23 03 29.818|-34 44 58.04|
 870|23 03 46.464|+28 04 58.10|SCHEAT
1602|23 03 52.617|+03 49 12.14|
 871|23 04 45.658|+15 12 18.90|MARKAB
1603|23 07 00.270|+09 24 34.09|
1604|23 07 45.391|+49 17 44.92|
 873|23 09 26.801|-21 10 20.63|
1605|23 10 21.554|-45 14 48.26|
1606|23 11 44.196|+08 43 12.38|
 875|23 13 16.978|+57 10 06.25|BRADLEY 3077
1607|23 14 19.361|-06 02 56.40|
1608|23 15 53.503|-09 05 15.85|
 876|23 16 57.664|-62 00 04.33|
 878|23 17 09.943|+03 16 56.18|
 877|23 17 25.767|-58 14 08.62|
 879|23 18 49.441|-32 31 55.17|
1609|23 18 57.685|-09 36 38.56|
 880|23 20 38.247|+23 44 25.25|
1610|23 20 53.269|+38 10 56.28|
1611|23 21 15.517|-26 59 12.43|
1612|23 22 58.226|-20 06 01.99|
 882|23 24 50.257|+62 16 58.11|
1613|23 24 50.836|+32 23 05.53|
 881|23 25 22.789|+23 24 14.81|
 883|23 26 36.580|-52 43 17.95|
 884|23 26 55.957|+01 15 20.07|
1614|23 27 58.104|+06 22 44.24|
 925|23 28 03.683|-87 28 56.19|
1615|23 29 02.219|+16 00 45.04|
 885|23 29 09.304|+12 45 38.01|
 886|23 32 58.262|-37 49 06.29|
1616|23 34 37.544|+40 14 11.23|
1617|23 35 04.565|-42 36 54.40|
 888|23 35 32.075|-07 27 51.99|
 890|23 37 33.854|+46 27 29.43|
 889|23 37 51.002|-45 29 32.56|
 891|23 38 08.211|+43 16 05.10|
 893|23 39 20.824|+77 37 56.80|ERRAI
 892|23 39 57.041|+05 37 34.56|
1619|23 40 24.519|+44 20 02.18|
1618|23 40 38.155|-32 04 23.31|
1620|23 42 02.810|+01 46 48.16|
 894|23 42 43.349|-14 32 41.64|
1621|23 44 12.083|-18 16 36.92|
1622|23 46 02.058|+46 25 13.10|
 895|23 47 54.759|+67 48 24.56|
1623|23 47 56.545|-02 45 41.76|
 896|23 48 55.562|-28 07 49.07|
1624|23 49 25.977|-21 36 50.37|
 897|23 50 14.736|-09 58 27.05|
 898|23 52 29.292|+19 07 12.96|
1625|23 52 37.100|+10 56 50.52|
 899|23 54 23.042|+57 29 57.88|
1626|23 54 38.618|-40 18 00.43|
1627|23 54 49.264|+74 24 36.27|
1650|23 56 27.723|+83 11 28.17|V CEP
1628|23 56 41.502|+22 38 53.16|
1629|23 57 45.535|+25 08 28.98|
 900|23 58 40.394|-03 33 21.58|
 901|23 58 55.766|-52 44 44.96|
 902|23 59 18.702|+06 51 47.82|
 903|23 59 54.974|-65 34 37.72|

